% -------------------------------------------------------------------
%  Generated by MATLAB on 17-Oct-2018 09:25:21
%  MATLAB version: 8.3.0.532 (R2014a)
% -------------------------------------------------------------------
                                 

A = 1 + 1i;

B = 2 - 3i;

C = 8 + 2i;

ans = 8 - 2i;

