% -------------------------------------------------------------------
%  Generated by MATLAB on 17-Oct-2018 18:59:04
%  MATLAB version: 8.3.0.532 (R2014a)
% -------------------------------------------------------------------
                                      

a = ...
  [15 3 22;
   3 8 5;
   14 3 82];

b = [1; 5; 6];

c = [12 18 5 2];

d = [22; 5; 82];

e = ...
  [1 22;
   5 5;
   6 82];

f = [1; 5; 6; 22; 5; 82];

g = ...
  [15 3 22;
   3 8 5;
   14 3 82;
   12 18 5];

h = [22 18 5];

