% -------------------------------------------------------------------
%  Generated by MATLAB on 17-Oct-2018 14:50:00
%  MATLAB version: 8.3.0.532 (R2014a)
% -------------------------------------------------------------------
                                  

ThemaximumtemperatureofThermocouple1 = 87.1;

ThemaximumtemperatureofThermocouple2 = 90.4;

ThemaximumtemperatureofThermocouple3 = 89;

TheminimumtemperatureofThermocouple1 = 82.3;

TheminimumtemperatureofThermocouple2 = 88.6;

TheminimumtemperatureofThermocouple3 = 80.3;

Thermocouple1 = [84.3 86.4 85.2 87.1 83.5 84.8 85 85.3 85.3 85.2 82.3 84.7 ...
                 83.6];

Thermocouple2 = [90 89.5 88.6 88.9 88.9 90.4 89.3 89.5 88.9 89.1 89.5 89.4 ...
                 89.8];

Thermocouple3 = [86.7 87.6 88.3 85.3 80.3 82.4 83.4 85.4 86.3 85.3 89 87.3 ...
                 87.2];

